L1=60;
L2=45;
M1=10.5;
M2=2;
Q1=-30;
Q2=30;
Me=2;